run_time,iteration,loss,style_loss,content_loss,time
0.1195,0,5.7769e+08,5.7769e+08,0.0000e+00,0.1195
0.2628,1,8.2634e+08,8.2527e+08,1.0665e+06,0.1131
0.3816,2,8.2634e+08,8.2527e+08,1.0665e+06,0.1182
0.5005,3,8.2634e+08,8.2527e+08,1.0665e+06,0.1183
0.6173,4,8.2634e+08,8.2527e+08,1.0665e+06,0.1162
0.7352,5,8.2634e+08,8.2527e+08,1.0665e+06,0.1169
0.8541,6,8.2634e+08,8.2527e+08,1.0665e+06,0.1184
0.9753,7,8.2634e+08,8.2527e+08,1.0665e+06,0.1205
1.0943,8,8.2634e+08,8.2527e+08,1.0665e+06,0.1184
1.2118,9,8.2634e+08,8.2527e+08,1.0665e+06,0.1170
1.3295,10,8.2634e+08,8.2527e+08,1.0665e+06,0.1171
1.4468,11,8.2634e+08,8.2527e+08,1.0665e+06,0.1167
1.5651,12,8.2634e+08,8.2527e+08,1.0665e+06,0.1177
1.6833,13,8.2634e+08,8.2527e+08,1.0665e+06,0.1175
1.8018,14,8.2634e+08,8.2527e+08,1.0665e+06,0.1177
1.9213,15,8.2634e+08,8.2527e+08,1.0665e+06,0.1189
2.0393,16,8.2634e+08,8.2527e+08,1.0665e+06,0.1174
2.1576,17,8.2634e+08,8.2527e+08,1.0665e+06,0.1177
2.2757,18,8.2634e+08,8.2527e+08,1.0665e+06,0.1175
2.3943,19,8.2634e+08,8.2527e+08,1.0665e+06,0.1180
2.5137,20,8.2634e+08,8.2527e+08,1.0665e+06,0.1188
2.6320,21,8.2634e+08,8.2527e+08,1.0665e+06,0.1175
2.7505,22,8.2634e+08,8.2527e+08,1.0665e+06,0.1179
2.8675,23,8.2634e+08,8.2527e+08,1.0665e+06,0.1164
2.9860,24,8.2634e+08,8.2527e+08,1.0665e+06,0.1179
3.1048,25,8.2634e+08,8.2527e+08,1.0665e+06,0.1182
3.2241,26,8.2634e+08,8.2527e+08,1.0665e+06,0.1187
3.3441,27,8.2634e+08,8.2527e+08,1.0665e+06,0.1194
3.4627,28,8.2634e+08,8.2527e+08,1.0665e+06,0.1178
3.5803,29,8.2634e+08,8.2527e+08,1.0665e+06,0.1170
3.6970,30,8.2634e+08,8.2527e+08,1.0665e+06,0.1161
3.8149,31,8.2634e+08,8.2527e+08,1.0665e+06,0.1173
3.9332,32,8.2634e+08,8.2527e+08,1.0665e+06,0.1178
4.0521,33,8.2634e+08,8.2527e+08,1.0665e+06,0.1183
4.1711,34,8.2634e+08,8.2527e+08,1.0665e+06,0.1185
4.2904,35,8.2634e+08,8.2527e+08,1.0665e+06,0.1187
4.4076,36,8.2634e+08,8.2527e+08,1.0665e+06,0.1167
4.5251,37,8.2634e+08,8.2527e+08,1.0665e+06,0.1169
4.6436,38,8.2634e+08,8.2527e+08,1.0665e+06,0.1180
4.7625,39,8.2634e+08,8.2527e+08,1.0665e+06,0.1182
4.8815,40,8.2634e+08,8.2527e+08,1.0665e+06,0.1181
5.0002,41,8.2634e+08,8.2527e+08,1.0665e+06,0.1182
5.1176,42,8.2634e+08,8.2527e+08,1.0665e+06,0.1168
5.2357,43,8.2634e+08,8.2527e+08,1.0665e+06,0.1174
5.3543,44,8.2634e+08,8.2527e+08,1.0665e+06,0.1180
5.4748,45,8.2634e+08,8.2527e+08,1.0665e+06,0.1200
5.5934,46,8.2634e+08,8.2527e+08,1.0665e+06,0.1179
5.7122,47,8.2634e+08,8.2527e+08,1.0665e+06,0.1183
5.8311,48,8.2634e+08,8.2527e+08,1.0665e+06,0.1183
5.9479,49,8.2634e+08,8.2527e+08,1.0665e+06,0.1163
6.0658,50,8.2634e+08,8.2527e+08,1.0665e+06,0.1173
6.1852,51,8.2634e+08,8.2527e+08,1.0665e+06,0.1189
6.3042,52,8.2634e+08,8.2527e+08,1.0665e+06,0.1185
6.4231,53,8.2634e+08,8.2527e+08,1.0665e+06,0.1182
6.5414,54,8.2634e+08,8.2527e+08,1.0665e+06,0.1177
6.6590,55,8.2634e+08,8.2527e+08,1.0665e+06,0.1170
6.7767,56,8.2634e+08,8.2527e+08,1.0665e+06,0.1171
6.8956,57,8.2634e+08,8.2527e+08,1.0665e+06,0.1183
7.0144,58,8.2634e+08,8.2527e+08,1.0665e+06,0.1182
7.1338,59,8.2634e+08,8.2527e+08,1.0665e+06,0.1188
7.2534,60,8.2634e+08,8.2527e+08,1.0665e+06,0.1189
7.3741,61,8.2634e+08,8.2527e+08,1.0665e+06,0.1187
7.4971,62,8.2634e+08,8.2527e+08,1.0665e+06,0.1225
7.6160,63,8.2634e+08,8.2527e+08,1.0665e+06,0.1183
7.7342,64,8.2634e+08,8.2527e+08,1.0665e+06,0.1176
7.8510,65,8.2634e+08,8.2527e+08,1.0665e+06,0.1162
7.9704,66,8.2634e+08,8.2527e+08,1.0665e+06,0.1188
8.0890,67,8.2634e+08,8.2527e+08,1.0665e+06,0.1180
8.2079,68,8.2634e+08,8.2527e+08,1.0665e+06,0.1183
8.3274,69,8.2634e+08,8.2527e+08,1.0665e+06,0.1189
8.4474,70,8.2634e+08,8.2527e+08,1.0665e+06,0.1195
8.5674,71,8.2634e+08,8.2527e+08,1.0665e+06,0.1193
8.6861,72,8.2634e+08,8.2527e+08,1.0665e+06,0.1180
8.8030,73,8.2634e+08,8.2527e+08,1.0665e+06,0.1163
8.9217,74,8.2634e+08,8.2527e+08,1.0665e+06,0.1181
9.0410,75,8.2634e+08,8.2527e+08,1.0665e+06,0.1187
9.1600,76,8.2634e+08,8.2527e+08,1.0665e+06,0.1185
9.2789,77,8.2634e+08,8.2527e+08,1.0665e+06,0.1180
9.3979,78,8.2634e+08,8.2527e+08,1.0665e+06,0.1184
9.5190,79,8.2634e+08,8.2527e+08,1.0665e+06,0.1205
9.6366,80,8.2634e+08,8.2527e+08,1.0665e+06,0.1170
9.7548,81,8.2634e+08,8.2527e+08,1.0665e+06,0.1174
9.8729,82,8.2634e+08,8.2527e+08,1.0665e+06,0.1175
9.9915,83,8.2634e+08,8.2527e+08,1.0665e+06,0.1180
10.1103,84,8.2634e+08,8.2527e+08,1.0665e+06,0.1181
10.2277,85,8.2634e+08,8.2527e+08,1.0665e+06,0.1169
10.3446,86,8.2634e+08,8.2527e+08,1.0665e+06,0.1163
10.4628,87,8.2634e+08,8.2527e+08,1.0665e+06,0.1176
10.5815,88,8.2634e+08,8.2527e+08,1.0665e+06,0.1181
10.7011,89,8.2634e+08,8.2527e+08,1.0665e+06,0.1189
10.8201,90,8.2634e+08,8.2527e+08,1.0665e+06,0.1184
10.9387,91,8.2634e+08,8.2527e+08,1.0665e+06,0.1181
11.0561,92,8.2634e+08,8.2527e+08,1.0665e+06,0.1168
11.1735,93,8.2634e+08,8.2527e+08,1.0665e+06,0.1168
11.2919,94,8.2634e+08,8.2527e+08,1.0665e+06,0.1178
11.4116,95,8.2634e+08,8.2527e+08,1.0665e+06,0.1191
11.5312,96,8.2634e+08,8.2527e+08,1.0665e+06,0.1190
11.6503,97,8.2634e+08,8.2527e+08,1.0665e+06,0.1181
11.7694,98,8.2634e+08,8.2527e+08,1.0665e+06,0.1186
11.8877,99,8.2634e+08,8.2527e+08,1.0665e+06,0.1177
12.0042,100,8.2634e+08,8.2527e+08,1.0665e+06,0.1159
12.1350,101,8.2634e+08,8.2527e+08,1.0665e+06,0.1143
12.2538,102,8.2634e+08,8.2527e+08,1.0665e+06,0.1182
12.3698,103,8.2634e+08,8.2527e+08,1.0665e+06,0.1155
12.4883,104,8.2634e+08,8.2527e+08,1.0665e+06,0.1179
12.6065,105,8.2634e+08,8.2527e+08,1.0665e+06,0.1176
12.7253,106,8.2634e+08,8.2527e+08,1.0665e+06,0.1182
12.8450,107,8.2634e+08,8.2527e+08,1.0665e+06,0.1190
12.9656,108,8.2634e+08,8.2527e+08,1.0665e+06,0.1201
13.0838,109,8.2634e+08,8.2527e+08,1.0665e+06,0.1176
13.2007,110,8.2634e+08,8.2527e+08,1.0665e+06,0.1163
13.3192,111,8.2634e+08,8.2527e+08,1.0665e+06,0.1179
13.4378,112,8.2634e+08,8.2527e+08,1.0665e+06,0.1180
13.5567,113,8.2634e+08,8.2527e+08,1.0665e+06,0.1184
13.6757,114,8.2634e+08,8.2527e+08,1.0665e+06,0.1180
13.7935,115,8.2634e+08,8.2527e+08,1.0665e+06,0.1172
13.9111,116,8.2634e+08,8.2527e+08,1.0665e+06,0.1170
14.0297,117,8.2634e+08,8.2527e+08,1.0665e+06,0.1181
14.1492,118,8.2634e+08,8.2527e+08,1.0665e+06,0.1189
14.2678,119,8.2634e+08,8.2527e+08,1.0665e+06,0.1180
14.3872,120,8.2634e+08,8.2527e+08,1.0665e+06,0.1188
14.5084,121,8.2634e+08,8.2527e+08,1.0665e+06,0.1201
14.6273,122,8.2634e+08,8.2527e+08,1.0665e+06,0.1182
14.7470,123,8.2634e+08,8.2527e+08,1.0665e+06,0.1192
14.8650,124,8.2634e+08,8.2527e+08,1.0665e+06,0.1174
14.9823,125,8.2634e+08,8.2527e+08,1.0665e+06,0.1167
15.1010,126,8.2634e+08,8.2527e+08,1.0665e+06,0.1181
15.2199,127,8.2634e+08,8.2527e+08,1.0665e+06,0.1183
15.3395,128,8.2634e+08,8.2527e+08,1.0665e+06,0.1190
15.4581,129,8.2634e+08,8.2527e+08,1.0665e+06,0.1181
15.5772,130,8.2634e+08,8.2527e+08,1.0665e+06,0.1185
15.6953,131,8.2634e+08,8.2527e+08,1.0665e+06,0.1176
15.8130,132,8.2634e+08,8.2527e+08,1.0665e+06,0.1171
15.9310,133,8.2634e+08,8.2527e+08,1.0665e+06,0.1175
16.0503,134,8.2634e+08,8.2527e+08,1.0665e+06,0.1187
16.1697,135,8.2634e+08,8.2527e+08,1.0665e+06,0.1189
16.2879,136,8.2634e+08,8.2527e+08,1.0665e+06,0.1175
16.4063,137,8.2634e+08,8.2527e+08,1.0665e+06,0.1179
16.5234,138,8.2634e+08,8.2527e+08,1.0665e+06,0.1165
16.6406,139,8.2634e+08,8.2527e+08,1.0665e+06,0.1167
16.7596,140,8.2634e+08,8.2527e+08,1.0665e+06,0.1184
16.8790,141,8.2634e+08,8.2527e+08,1.0665e+06,0.1188
16.9978,142,8.2634e+08,8.2527e+08,1.0665e+06,0.1182
17.1192,143,8.2634e+08,8.2527e+08,1.0665e+06,0.1208
17.2394,144,8.2634e+08,8.2527e+08,1.0665e+06,0.1196
17.3575,145,8.2634e+08,8.2527e+08,1.0665e+06,0.1176
17.4747,146,8.2634e+08,8.2527e+08,1.0665e+06,0.1165
17.5929,147,8.2634e+08,8.2527e+08,1.0665e+06,0.1176
17.7112,148,8.2634e+08,8.2527e+08,1.0665e+06,0.1177
17.8304,149,8.2634e+08,8.2527e+08,1.0665e+06,0.1186
17.9494,150,8.2634e+08,8.2527e+08,1.0665e+06,0.1184
18.0686,151,8.2634e+08,8.2527e+08,1.0665e+06,0.1187
18.1863,152,8.2634e+08,8.2527e+08,1.0665e+06,0.1171
18.3049,153,8.2634e+08,8.2527e+08,1.0665e+06,0.1180
18.4226,154,8.2634e+08,8.2527e+08,1.0665e+06,0.1171
18.5416,155,8.2634e+08,8.2527e+08,1.0665e+06,0.1184
18.6610,156,8.2634e+08,8.2527e+08,1.0665e+06,0.1188
18.7793,157,8.2634e+08,8.2527e+08,1.0665e+06,0.1177
18.8975,158,8.2634e+08,8.2527e+08,1.0665e+06,0.1175
19.0150,159,8.2634e+08,8.2527e+08,1.0665e+06,0.1170
19.1338,160,8.2634e+08,8.2527e+08,1.0665e+06,0.1181
19.2531,161,8.2634e+08,8.2527e+08,1.0665e+06,0.1188
19.3727,162,8.2634e+08,8.2527e+08,1.0665e+06,0.1190
19.4922,163,8.2634e+08,8.2527e+08,1.0665e+06,0.1190
19.6122,164,8.2634e+08,8.2527e+08,1.0665e+06,0.1192
19.7325,165,8.2634e+08,8.2527e+08,1.0665e+06,0.1195
19.8511,166,8.2634e+08,8.2527e+08,1.0665e+06,0.1179
19.9687,167,8.2634e+08,8.2527e+08,1.0665e+06,0.1170
20.0877,168,8.2634e+08,8.2527e+08,1.0665e+06,0.1182
20.2068,169,8.2634e+08,8.2527e+08,1.0665e+06,0.1185
20.3263,170,8.2634e+08,8.2527e+08,1.0665e+06,0.1189
20.4465,171,8.2634e+08,8.2527e+08,1.0665e+06,0.1194
20.5661,172,8.2634e+08,8.2527e+08,1.0665e+06,0.1190
20.6857,173,8.2634e+08,8.2527e+08,1.0665e+06,0.1189
20.8039,174,8.2634e+08,8.2527e+08,1.0665e+06,0.1176
20.9206,175,8.2634e+08,8.2527e+08,1.0665e+06,0.1160
21.0393,176,8.2634e+08,8.2527e+08,1.0665e+06,0.1182
21.1578,177,8.2634e+08,8.2527e+08,1.0665e+06,0.1178
21.2768,178,8.2634e+08,8.2527e+08,1.0665e+06,0.1184
21.3964,179,8.2634e+08,8.2527e+08,1.0665e+06,0.1190
21.5155,180,8.2634e+08,8.2527e+08,1.0665e+06,0.1184
21.6326,181,8.2634e+08,8.2527e+08,1.0665e+06,0.1165
21.7508,182,8.2634e+08,8.2527e+08,1.0665e+06,0.1174
21.8725,183,8.2634e+08,8.2527e+08,1.0665e+06,0.1211
21.9910,184,8.2634e+08,8.2527e+08,1.0665e+06,0.1179
22.1096,185,8.2634e+08,8.2527e+08,1.0665e+06,0.1180
22.2285,186,8.2634e+08,8.2527e+08,1.0665e+06,0.1182
22.3475,187,8.2634e+08,8.2527e+08,1.0665e+06,0.1184
22.4671,188,8.2634e+08,8.2527e+08,1.0665e+06,0.1190
22.5849,189,8.2634e+08,8.2527e+08,1.0665e+06,0.1171
22.7038,190,8.2634e+08,8.2527e+08,1.0665e+06,0.1183
22.8224,191,8.2634e+08,8.2527e+08,1.0665e+06,0.1179
22.9408,192,8.2634e+08,8.2527e+08,1.0665e+06,0.1177
23.0594,193,8.2634e+08,8.2527e+08,1.0665e+06,0.1180
23.1784,194,8.2634e+08,8.2527e+08,1.0665e+06,0.1184
23.2972,195,8.2634e+08,8.2527e+08,1.0665e+06,0.1182
23.4148,196,8.2634e+08,8.2527e+08,1.0665e+06,0.1168
23.5337,197,8.2634e+08,8.2527e+08,1.0665e+06,0.1184
23.6532,198,8.2634e+08,8.2527e+08,1.0665e+06,0.1188
23.7723,199,8.2634e+08,8.2527e+08,1.0665e+06,0.1185
23.8918,200,8.2634e+08,8.2527e+08,1.0665e+06,0.1189
24.0268,201,8.2634e+08,8.2527e+08,1.0665e+06,0.1138
24.1442,202,8.2634e+08,8.2527e+08,1.0665e+06,0.1166
24.2623,203,8.2634e+08,8.2527e+08,1.0665e+06,0.1175
24.3813,204,8.2634e+08,8.2527e+08,1.0665e+06,0.1182
24.5010,205,8.2634e+08,8.2527e+08,1.0665e+06,0.1188
24.6209,206,8.2634e+08,8.2527e+08,1.0665e+06,0.1193
24.7408,207,8.2634e+08,8.2527e+08,1.0665e+06,0.1191
24.8616,208,8.2634e+08,8.2527e+08,1.0665e+06,0.1201
24.9818,209,8.2634e+08,8.2527e+08,1.0665e+06,0.1195
25.1003,210,8.2634e+08,8.2527e+08,1.0665e+06,0.1178
25.2173,211,8.2634e+08,8.2527e+08,1.0665e+06,0.1164
25.3353,212,8.2634e+08,8.2527e+08,1.0665e+06,0.1174
25.4538,213,8.2634e+08,8.2527e+08,1.0665e+06,0.1178
25.5727,214,8.2634e+08,8.2527e+08,1.0665e+06,0.1182
25.6936,215,8.2634e+08,8.2527e+08,1.0665e+06,0.1202
25.8139,216,8.2634e+08,8.2527e+08,1.0665e+06,0.1196
25.9337,217,8.2634e+08,8.2527e+08,1.0665e+06,0.1191
26.0523,218,8.2634e+08,8.2527e+08,1.0665e+06,0.1180
26.1694,219,8.2634e+08,8.2527e+08,1.0665e+06,0.1164
26.2869,220,8.2634e+08,8.2527e+08,1.0665e+06,0.1169
26.4061,221,8.2634e+08,8.2527e+08,1.0665e+06,0.1185
26.5250,222,8.2634e+08,8.2527e+08,1.0665e+06,0.1183
26.6443,223,8.2634e+08,8.2527e+08,1.0665e+06,0.1187
26.7640,224,8.2634e+08,8.2527e+08,1.0665e+06,0.1191
26.8826,225,8.2634e+08,8.2527e+08,1.0665e+06,0.1180
27.0001,226,8.2634e+08,8.2527e+08,1.0665e+06,0.1167
27.1181,227,8.2634e+08,8.2527e+08,1.0665e+06,0.1174
27.2373,228,8.2634e+08,8.2527e+08,1.0665e+06,0.1186
27.3563,229,8.2634e+08,8.2527e+08,1.0665e+06,0.1184
27.4760,230,8.2634e+08,8.2527e+08,1.0665e+06,0.1190
27.5953,231,8.2634e+08,8.2527e+08,1.0665e+06,0.1187
27.7141,232,8.2634e+08,8.2527e+08,1.0665e+06,0.1182
27.8321,233,8.2634e+08,8.2527e+08,1.0665e+06,0.1173
27.9501,234,8.2634e+08,8.2527e+08,1.0665e+06,0.1175
28.0684,235,8.2634e+08,8.2527e+08,1.0665e+06,0.1176
28.1880,236,8.2634e+08,8.2527e+08,1.0665e+06,0.1189
28.3080,237,8.2634e+08,8.2527e+08,1.0665e+06,0.1194
28.4273,238,8.2634e+08,8.2527e+08,1.0665e+06,0.1185
28.5462,239,8.2634e+08,8.2527e+08,1.0665e+06,0.1183
28.6653,240,8.2634e+08,8.2527e+08,1.0665e+06,0.1184
28.7832,241,8.2634e+08,8.2527e+08,1.0665e+06,0.1172
28.9011,242,8.2634e+08,8.2527e+08,1.0665e+06,0.1172
29.0199,243,8.2634e+08,8.2527e+08,1.0665e+06,0.1181
29.1393,244,8.2634e+08,8.2527e+08,1.0665e+06,0.1188
29.2588,245,8.2634e+08,8.2527e+08,1.0665e+06,0.1188
29.3784,246,8.2634e+08,8.2527e+08,1.0665e+06,0.1190
29.4976,247,8.2634e+08,8.2527e+08,1.0665e+06,0.1185
29.6167,248,8.2634e+08,8.2527e+08,1.0665e+06,0.1184
29.7357,249,8.2634e+08,8.2527e+08,1.0665e+06,0.1184
29.8560,250,8.2634e+08,8.2527e+08,1.0665e+06,0.1196
29.9737,251,8.2634e+08,8.2527e+08,1.0665e+06,0.1171
30.0923,252,8.2634e+08,8.2527e+08,1.0665e+06,0.1179
30.2108,253,8.2634e+08,8.2527e+08,1.0665e+06,0.1179
30.3289,254,8.2634e+08,8.2527e+08,1.0665e+06,0.1175
30.4481,255,8.2634e+08,8.2527e+08,1.0665e+06,0.1176
30.5652,256,8.2634e+08,8.2527e+08,1.0665e+06,0.1166
30.6841,257,8.2634e+08,8.2527e+08,1.0665e+06,0.1183
30.8049,258,8.2634e+08,8.2527e+08,1.0665e+06,0.1202
30.9234,259,8.2634e+08,8.2527e+08,1.0665e+06,0.1180
31.0444,260,8.2634e+08,8.2527e+08,1.0665e+06,0.1204
31.1630,261,8.2634e+08,8.2527e+08,1.0665e+06,0.1181
31.2806,262,8.2634e+08,8.2527e+08,1.0665e+06,0.1169
31.3989,263,8.2634e+08,8.2527e+08,1.0665e+06,0.1176
31.5159,264,8.2634e+08,8.2527e+08,1.0665e+06,0.1164
31.6341,265,8.2634e+08,8.2527e+08,1.0665e+06,0.1176
31.7544,266,8.2634e+08,8.2527e+08,1.0665e+06,0.1197
31.8729,267,8.2634e+08,8.2527e+08,1.0665e+06,0.1179
31.9915,268,8.2634e+08,8.2527e+08,1.0665e+06,0.1181
32.1101,269,8.2634e+08,8.2527e+08,1.0665e+06,0.1180
32.2267,270,8.2634e+08,8.2527e+08,1.0665e+06,0.1160
32.3444,271,8.2634e+08,8.2527e+08,1.0665e+06,0.1171
32.4640,272,8.2634e+08,8.2527e+08,1.0665e+06,0.1190
32.5853,273,8.2634e+08,8.2527e+08,1.0665e+06,0.1207
32.7054,274,8.2634e+08,8.2527e+08,1.0665e+06,0.1193
32.8294,275,8.2634e+08,8.2527e+08,1.0665e+06,0.1230
32.9487,276,8.2634e+08,8.2527e+08,1.0665e+06,0.1185
33.0688,277,8.2634e+08,8.2527e+08,1.0665e+06,0.1192
33.1886,278,8.2634e+08,8.2527e+08,1.0665e+06,0.1191
33.3077,279,8.2634e+08,8.2527e+08,1.0665e+06,0.1186
33.4262,280,8.2634e+08,8.2527e+08,1.0665e+06,0.1179
33.5431,281,8.2634e+08,8.2527e+08,1.0665e+06,0.1163
33.6616,282,8.2634e+08,8.2527e+08,1.0665e+06,0.1180
33.7806,283,8.2634e+08,8.2527e+08,1.0665e+06,0.1184
33.9007,284,8.2634e+08,8.2527e+08,1.0665e+06,0.1194
34.0204,285,8.2634e+08,8.2527e+08,1.0665e+06,0.1189
34.1395,286,8.2634e+08,8.2527e+08,1.0665e+06,0.1185
34.2587,287,8.2634e+08,8.2527e+08,1.0665e+06,0.1186
34.3758,288,8.2634e+08,8.2527e+08,1.0665e+06,0.1166
34.4942,289,8.2634e+08,8.2527e+08,1.0665e+06,0.1178
34.6122,290,8.2634e+08,8.2527e+08,1.0665e+06,0.1174
34.7310,291,8.2634e+08,8.2527e+08,1.0665e+06,0.1182
34.8555,292,8.2634e+08,8.2527e+08,1.0665e+06,0.1236
34.9742,293,8.2634e+08,8.2527e+08,1.0665e+06,0.1182
35.0933,294,8.2634e+08,8.2527e+08,1.0665e+06,0.1182
35.2121,295,8.2634e+08,8.2527e+08,1.0665e+06,0.1183
35.3307,296,8.2634e+08,8.2527e+08,1.0665e+06,0.1180
35.4477,297,8.2634e+08,8.2527e+08,1.0665e+06,0.1165
35.5657,298,8.2634e+08,8.2527e+08,1.0665e+06,0.1174
35.6850,299,8.2634e+08,8.2527e+08,1.0665e+06,0.1187
35.8044,300,8.2634e+08,8.2527e+08,1.0665e+06,0.1188
35.9388,301,8.2634e+08,8.2527e+08,1.0665e+06,0.1133
36.0558,302,8.2634e+08,8.2527e+08,1.0665e+06,0.1164
36.1735,303,8.2634e+08,8.2527e+08,1.0665e+06,0.1170
36.2927,304,8.2634e+08,8.2527e+08,1.0665e+06,0.1185
36.4128,305,8.2634e+08,8.2527e+08,1.0665e+06,0.1195
36.5316,306,8.2634e+08,8.2527e+08,1.0665e+06,0.1182
36.6504,307,8.2634e+08,8.2527e+08,1.0665e+06,0.1182
36.7700,308,8.2634e+08,8.2527e+08,1.0665e+06,0.1190
36.8878,309,8.2634e+08,8.2527e+08,1.0665e+06,0.1172
37.0059,310,8.2634e+08,8.2527e+08,1.0665e+06,0.1176
37.1245,311,8.2634e+08,8.2527e+08,1.0665e+06,0.1180
37.2432,312,8.2634e+08,8.2527e+08,1.0665e+06,0.1181
37.3614,313,8.2634e+08,8.2527e+08,1.0665e+06,0.1176
37.4804,314,8.2634e+08,8.2527e+08,1.0665e+06,0.1184
37.5984,315,8.2634e+08,8.2527e+08,1.0665e+06,0.1175
37.7160,316,8.2634e+08,8.2527e+08,1.0665e+06,0.1170
37.8343,317,8.2634e+08,8.2527e+08,1.0665e+06,0.1178
37.9537,318,8.2634e+08,8.2527e+08,1.0665e+06,0.1188
38.0726,319,8.2634e+08,8.2527e+08,1.0665e+06,0.1183
38.1916,320,8.2634e+08,8.2527e+08,1.0665e+06,0.1181
38.3107,321,8.2634e+08,8.2527e+08,1.0665e+06,0.1185
38.4296,322,8.2634e+08,8.2527e+08,1.0665e+06,0.1183
38.5470,323,8.2634e+08,8.2527e+08,1.0665e+06,0.1168
38.6673,324,8.2634e+08,8.2527e+08,1.0665e+06,0.1197
38.7861,325,8.2634e+08,8.2527e+08,1.0665e+06,0.1181
38.9080,326,8.2634e+08,8.2527e+08,1.0665e+06,0.1213
39.0269,327,8.2634e+08,8.2527e+08,1.0665e+06,0.1183
39.1456,328,8.2634e+08,8.2527e+08,1.0665e+06,0.1181
39.2647,329,8.2634e+08,8.2527e+08,1.0665e+06,0.1185
39.3837,330,8.2634e+08,8.2527e+08,1.0665e+06,0.1184
39.5039,331,8.2634e+08,8.2527e+08,1.0665e+06,0.1196
39.6343,332,8.2634e+08,8.2527e+08,1.0665e+06,0.1140
39.7539,333,8.2634e+08,8.2527e+08,1.0665e+06,0.1190
39.8725,334,8.2634e+08,8.2527e+08,1.0665e+06,0.1177
39.9915,335,8.2634e+08,8.2527e+08,1.0665e+06,0.1184
40.1108,336,8.2634e+08,8.2527e+08,1.0665e+06,0.1187
40.2277,337,8.2634e+08,8.2527e+08,1.0665e+06,0.1163
40.3471,338,8.2634e+08,8.2527e+08,1.0665e+06,0.1188
40.4668,339,8.2634e+08,8.2527e+08,1.0665e+06,0.1192
40.5858,340,8.2634e+08,8.2527e+08,1.0665e+06,0.1184
40.7054,341,8.2634e+08,8.2527e+08,1.0665e+06,0.1190
40.8260,342,8.2634e+08,8.2527e+08,1.0665e+06,0.1200
40.9516,343,8.2634e+08,8.2527e+08,1.0665e+06,0.1144
41.0706,344,8.2634e+08,8.2527e+08,1.0665e+06,0.1184
41.1900,345,8.2634e+08,8.2527e+08,1.0665e+06,0.1187
41.3085,346,8.2634e+08,8.2527e+08,1.0665e+06,0.1179
41.4272,347,8.2634e+08,8.2527e+08,1.0665e+06,0.1181
41.5443,348,8.2634e+08,8.2527e+08,1.0665e+06,0.1165
41.6625,349,8.2634e+08,8.2527e+08,1.0665e+06,0.1176
41.7816,350,8.2634e+08,8.2527e+08,1.0665e+06,0.1186
41.9018,351,8.2634e+08,8.2527e+08,1.0665e+06,0.1196
42.0203,352,8.2634e+08,8.2527e+08,1.0665e+06,0.1179
42.1391,353,8.2634e+08,8.2527e+08,1.0665e+06,0.1181
42.2570,354,8.2634e+08,8.2527e+08,1.0665e+06,0.1173
42.3742,355,8.2634e+08,8.2527e+08,1.0665e+06,0.1167
42.4929,356,8.2634e+08,8.2527e+08,1.0665e+06,0.1182
42.6110,357,8.2634e+08,8.2527e+08,1.0665e+06,0.1175
42.7306,358,8.2634e+08,8.2527e+08,1.0665e+06,0.1191
42.8498,359,8.2634e+08,8.2527e+08,1.0665e+06,0.1186
42.9701,360,8.2634e+08,8.2527e+08,1.0665e+06,0.1195
43.0881,361,8.2634e+08,8.2527e+08,1.0665e+06,0.1174
43.2053,362,8.2634e+08,8.2527e+08,1.0665e+06,0.1166
43.3239,363,8.2634e+08,8.2527e+08,1.0665e+06,0.1180
43.4434,364,8.2634e+08,8.2527e+08,1.0665e+06,0.1189
43.5621,365,8.2634e+08,8.2527e+08,1.0665e+06,0.1182
43.6817,366,8.2634e+08,8.2527e+08,1.0665e+06,0.1187
43.8006,367,8.2634e+08,8.2527e+08,1.0665e+06,0.1182
43.9191,368,8.2634e+08,8.2527e+08,1.0665e+06,0.1179
44.0369,369,8.2634e+08,8.2527e+08,1.0665e+06,0.1172
44.1550,370,8.2634e+08,8.2527e+08,1.0665e+06,0.1175
44.2735,371,8.2634e+08,8.2527e+08,1.0665e+06,0.1180
44.3931,372,8.2634e+08,8.2527e+08,1.0665e+06,0.1190
44.5125,373,8.2634e+08,8.2527e+08,1.0665e+06,0.1189
44.6310,374,8.2634e+08,8.2527e+08,1.0665e+06,0.1179
44.7499,375,8.2634e+08,8.2527e+08,1.0665e+06,0.1183
44.8672,376,8.2634e+08,8.2527e+08,1.0665e+06,0.1167
44.9890,377,8.2634e+08,8.2527e+08,1.0665e+06,0.1213
45.1070,378,8.2634e+08,8.2527e+08,1.0665e+06,0.1175
45.2250,379,8.2634e+08,8.2527e+08,1.0665e+06,0.1174
45.3440,380,8.2634e+08,8.2527e+08,1.0665e+06,0.1184
45.4631,381,8.2634e+08,8.2527e+08,1.0665e+06,0.1185
45.5819,382,8.2634e+08,8.2527e+08,1.0665e+06,0.1183
45.7007,383,8.2634e+08,8.2527e+08,1.0665e+06,0.1182
45.8183,384,8.2634e+08,8.2527e+08,1.0665e+06,0.1170
45.9384,385,8.2634e+08,8.2527e+08,1.0665e+06,0.1195
46.0566,386,8.2634e+08,8.2527e+08,1.0665e+06,0.1176
46.1759,387,8.2634e+08,8.2527e+08,1.0665e+06,0.1187
46.2940,388,8.2634e+08,8.2527e+08,1.0665e+06,0.1173
46.4128,389,8.2634e+08,8.2527e+08,1.0665e+06,0.1182
46.5306,390,8.2634e+08,8.2527e+08,1.0665e+06,0.1172
46.6480,391,8.2634e+08,8.2527e+08,1.0665e+06,0.1168
46.7666,392,8.2634e+08,8.2527e+08,1.0665e+06,0.1181
46.8863,393,8.2634e+08,8.2527e+08,1.0665e+06,0.1191
47.0090,394,8.2634e+08,8.2527e+08,1.0665e+06,0.1222
47.1279,395,8.2634e+08,8.2527e+08,1.0665e+06,0.1183
47.2465,396,8.2634e+08,8.2527e+08,1.0665e+06,0.1180
47.3648,397,8.2634e+08,8.2527e+08,1.0665e+06,0.1177
47.4828,398,8.2634e+08,8.2527e+08,1.0665e+06,0.1174
47.6006,399,8.2634e+08,8.2527e+08,1.0665e+06,0.1172
47.7189,400,8.2634e+08,8.2527e+08,1.0665e+06,0.1177
47.8591,401,8.2634e+08,8.2527e+08,1.0665e+06,0.1144
47.9781,402,8.2634e+08,8.2527e+08,1.0665e+06,0.1185
48.0972,403,8.2634e+08,8.2527e+08,1.0665e+06,0.1185
48.2155,404,8.2634e+08,8.2527e+08,1.0665e+06,0.1177
48.3322,405,8.2634e+08,8.2527e+08,1.0665e+06,0.1161
48.4497,406,8.2634e+08,8.2527e+08,1.0665e+06,0.1170
48.5683,407,8.2634e+08,8.2527e+08,1.0665e+06,0.1180
48.6897,408,8.2634e+08,8.2527e+08,1.0665e+06,0.1208
48.8089,409,8.2634e+08,8.2527e+08,1.0665e+06,0.1184
48.9271,410,8.2634e+08,8.2527e+08,1.0665e+06,0.1177
49.0458,411,8.2634e+08,8.2527e+08,1.0665e+06,0.1182
49.1636,412,8.2634e+08,8.2527e+08,1.0665e+06,0.1172
49.2824,413,8.2634e+08,8.2527e+08,1.0665e+06,0.1182
49.4016,414,8.2634e+08,8.2527e+08,1.0665e+06,0.1185
49.5202,415,8.2634e+08,8.2527e+08,1.0665e+06,0.1180
49.6395,416,8.2634e+08,8.2527e+08,1.0665e+06,0.1184
49.7582,417,8.2634e+08,8.2527e+08,1.0665e+06,0.1182
49.8763,418,8.2634e+08,8.2527e+08,1.0665e+06,0.1175
49.9939,419,8.2634e+08,8.2527e+08,1.0665e+06,0.1170
50.1139,420,8.2634e+08,8.2527e+08,1.0665e+06,0.1194
50.2329,421,8.2634e+08,8.2527e+08,1.0665e+06,0.1185
50.3741,422,8.2634e+08,8.2527e+08,1.0665e+06,0.1406
50.4946,423,8.2634e+08,8.2527e+08,1.0665e+06,0.1199
50.6139,424,8.2634e+08,8.2527e+08,1.0665e+06,0.1186
50.7318,425,8.2634e+08,8.2527e+08,1.0665e+06,0.1174
50.8495,426,8.2634e+08,8.2527e+08,1.0665e+06,0.1170
50.9667,427,8.2634e+08,8.2527e+08,1.0665e+06,0.1166
51.0849,428,8.2634e+08,8.2527e+08,1.0665e+06,0.1176
51.2055,429,8.2634e+08,8.2527e+08,1.0665e+06,0.1201
51.3270,430,8.2634e+08,8.2527e+08,1.0665e+06,0.1209
51.4460,431,8.2634e+08,8.2527e+08,1.0665e+06,0.1184
51.5646,432,8.2634e+08,8.2527e+08,1.0665e+06,0.1181
51.6827,433,8.2634e+08,8.2527e+08,1.0665e+06,0.1175
51.7997,434,8.2634e+08,8.2527e+08,1.0665e+06,0.1164
51.9183,435,8.2634e+08,8.2527e+08,1.0665e+06,0.1180
52.0367,436,8.2634e+08,8.2527e+08,1.0665e+06,0.1179
52.1568,437,8.2634e+08,8.2527e+08,1.0665e+06,0.1195
52.2768,438,8.2634e+08,8.2527e+08,1.0665e+06,0.1194
52.3956,439,8.2634e+08,8.2527e+08,1.0665e+06,0.1182
52.5152,440,8.2634e+08,8.2527e+08,1.0665e+06,0.1190
52.6320,441,8.2634e+08,8.2527e+08,1.0665e+06,0.1162
52.7502,442,8.2634e+08,8.2527e+08,1.0665e+06,0.1176
52.8694,443,8.2634e+08,8.2527e+08,1.0665e+06,0.1185
52.9879,444,8.2634e+08,8.2527e+08,1.0665e+06,0.1179
53.1062,445,8.2634e+08,8.2527e+08,1.0665e+06,0.1175
53.2244,446,8.2634e+08,8.2527e+08,1.0665e+06,0.1176
53.3419,447,8.2634e+08,8.2527e+08,1.0665e+06,0.1170
53.4603,448,8.2634e+08,8.2527e+08,1.0665e+06,0.1179
53.5789,449,8.2634e+08,8.2527e+08,1.0665e+06,0.1181
53.6980,450,8.2634e+08,8.2527e+08,1.0665e+06,0.1186
53.8163,451,8.2634e+08,8.2527e+08,1.0665e+06,0.1177
53.9353,452,8.2634e+08,8.2527e+08,1.0665e+06,0.1185
54.0531,453,8.2634e+08,8.2527e+08,1.0665e+06,0.1172
54.1702,454,8.2634e+08,8.2527e+08,1.0665e+06,0.1166
54.2884,455,8.2634e+08,8.2527e+08,1.0665e+06,0.1176
54.4074,456,8.2634e+08,8.2527e+08,1.0665e+06,0.1185
54.5263,457,8.2634e+08,8.2527e+08,1.0665e+06,0.1184
54.6450,458,8.2634e+08,8.2527e+08,1.0665e+06,0.1181
54.7633,459,8.2634e+08,8.2527e+08,1.0665e+06,0.1177
54.8801,460,8.2634e+08,8.2527e+08,1.0665e+06,0.1163
54.9983,461,8.2634e+08,8.2527e+08,1.0665e+06,0.1176
55.1197,462,8.2634e+08,8.2527e+08,1.0665e+06,0.1208
55.2387,463,8.2634e+08,8.2527e+08,1.0665e+06,0.1185
55.3578,464,8.2634e+08,8.2527e+08,1.0665e+06,0.1185
55.4764,465,8.2634e+08,8.2527e+08,1.0665e+06,0.1178
55.5946,466,8.2634e+08,8.2527e+08,1.0665e+06,0.1176
55.7117,467,8.2634e+08,8.2527e+08,1.0665e+06,0.1164
55.8295,468,8.2634e+08,8.2527e+08,1.0665e+06,0.1172
55.9489,469,8.2634e+08,8.2527e+08,1.0665e+06,0.1187
56.0691,470,8.2634e+08,8.2527e+08,1.0665e+06,0.1196
56.1883,471,8.2634e+08,8.2527e+08,1.0665e+06,0.1186
56.3069,472,8.2634e+08,8.2527e+08,1.0665e+06,0.1181
56.4258,473,8.2634e+08,8.2527e+08,1.0665e+06,0.1183
56.5431,474,8.2634e+08,8.2527e+08,1.0665e+06,0.1167
56.6610,475,8.2634e+08,8.2527e+08,1.0665e+06,0.1173
56.7801,476,8.2634e+08,8.2527e+08,1.0665e+06,0.1186
56.8995,477,8.2634e+08,8.2527e+08,1.0665e+06,0.1188
57.0187,478,8.2634e+08,8.2527e+08,1.0665e+06,0.1185
57.1426,479,8.2634e+08,8.2527e+08,1.0665e+06,0.1234
57.2623,480,8.2634e+08,8.2527e+08,1.0665e+06,0.1188
57.3811,481,8.2634e+08,8.2527e+08,1.0665e+06,0.1182
57.4997,482,8.2634e+08,8.2527e+08,1.0665e+06,0.1181
57.6170,483,8.2634e+08,8.2527e+08,1.0665e+06,0.1168
57.7347,484,8.2634e+08,8.2527e+08,1.0665e+06,0.1171
57.8537,485,8.2634e+08,8.2527e+08,1.0665e+06,0.1184
57.9728,486,8.2634e+08,8.2527e+08,1.0665e+06,0.1185
58.0914,487,8.2634e+08,8.2527e+08,1.0665e+06,0.1180
58.2104,488,8.2634e+08,8.2527e+08,1.0665e+06,0.1184
58.3278,489,8.2634e+08,8.2527e+08,1.0665e+06,0.1169
58.4469,490,8.2634e+08,8.2527e+08,1.0665e+06,0.1184
58.5660,491,8.2634e+08,8.2527e+08,1.0665e+06,0.1185
58.6847,492,8.2634e+08,8.2527e+08,1.0665e+06,0.1181
58.8033,493,8.2634e+08,8.2527e+08,1.0665e+06,0.1180
58.9212,494,8.2634e+08,8.2527e+08,1.0665e+06,0.1174
59.0383,495,8.2634e+08,8.2527e+08,1.0665e+06,0.1165
59.1567,496,8.2634e+08,8.2527e+08,1.0665e+06,0.1177
59.2759,497,8.2634e+08,8.2527e+08,1.0665e+06,0.1187
59.3953,498,8.2634e+08,8.2527e+08,1.0665e+06,0.1187
59.5141,499,8.2634e+08,8.2527e+08,1.0665e+06,0.1183
59.6331,500,8.2634e+08,8.2527e+08,1.0665e+06,0.1184
59.7664,501,8.2634e+08,8.2527e+08,1.0665e+06,0.1133
59.8853,502,8.2634e+08,8.2527e+08,1.0665e+06,0.1184
60.0039,503,8.2634e+08,8.2527e+08,1.0665e+06,0.1180
60.1230,504,8.2634e+08,8.2527e+08,1.0665e+06,0.1186
60.2430,505,8.2634e+08,8.2527e+08,1.0665e+06,0.1190
60.3616,506,8.2634e+08,8.2527e+08,1.0665e+06,0.1180
60.4805,507,8.2634e+08,8.2527e+08,1.0665e+06,0.1183
60.5988,508,8.2634e+08,8.2527e+08,1.0665e+06,0.1178
60.7177,509,8.2634e+08,8.2527e+08,1.0665e+06,0.1182
60.8354,510,8.2634e+08,8.2527e+08,1.0665e+06,0.1172
60.9539,511,8.2634e+08,8.2527e+08,1.0665e+06,0.1179
61.0735,512,8.2634e+08,8.2527e+08,1.0665e+06,0.1187
61.1958,513,8.2634e+08,8.2527e+08,1.0665e+06,0.1217
61.3146,514,8.2634e+08,8.2527e+08,1.0665e+06,0.1182
61.4333,515,8.2634e+08,8.2527e+08,1.0665e+06,0.1181
61.5506,516,8.2634e+08,8.2527e+08,1.0665e+06,0.1167
61.6695,517,8.2634e+08,8.2527e+08,1.0665e+06,0.1183
61.7881,518,8.2634e+08,8.2527e+08,1.0665e+06,0.1180
61.9066,519,8.2634e+08,8.2527e+08,1.0665e+06,0.1179
62.0249,520,8.2634e+08,8.2527e+08,1.0665e+06,0.1178
62.1439,521,8.2634e+08,8.2527e+08,1.0665e+06,0.1184
62.2612,522,8.2634e+08,8.2527e+08,1.0665e+06,0.1167
62.3796,523,8.2634e+08,8.2527e+08,1.0665e+06,0.1178
62.4989,524,8.2634e+08,8.2527e+08,1.0665e+06,0.1188
62.6180,525,8.2634e+08,8.2527e+08,1.0665e+06,0.1185
62.7373,526,8.2634e+08,8.2527e+08,1.0665e+06,0.1188
62.8565,527,8.2634e+08,8.2527e+08,1.0665e+06,0.1183
62.9754,528,8.2634e+08,8.2527e+08,1.0665e+06,0.1183
63.0926,529,8.2634e+08,8.2527e+08,1.0665e+06,0.1167
63.2124,530,8.2634e+08,8.2527e+08,1.0665e+06,0.1192
63.3311,531,8.2634e+08,8.2527e+08,1.0665e+06,0.1181
63.4496,532,8.2634e+08,8.2527e+08,1.0665e+06,0.1180
63.5683,533,8.2634e+08,8.2527e+08,1.0665e+06,0.1181
63.6877,534,8.2634e+08,8.2527e+08,1.0665e+06,0.1186
63.8065,535,8.2634e+08,8.2527e+08,1.0665e+06,0.1182
63.9241,536,8.2634e+08,8.2527e+08,1.0665e+06,0.1170
64.0422,537,8.2634e+08,8.2527e+08,1.0665e+06,0.1174
64.1618,538,8.2634e+08,8.2527e+08,1.0665e+06,0.1190
64.2800,539,8.2634e+08,8.2527e+08,1.0665e+06,0.1176
64.3991,540,8.2634e+08,8.2527e+08,1.0665e+06,0.1185
64.5181,541,8.2634e+08,8.2527e+08,1.0665e+06,0.1180
64.6372,542,8.2634e+08,8.2527e+08,1.0665e+06,0.1186
64.7550,543,8.2634e+08,8.2527e+08,1.0665e+06,0.1172
64.8721,544,8.2634e+08,8.2527e+08,1.0665e+06,0.1166
64.9910,545,8.2634e+08,8.2527e+08,1.0665e+06,0.1183
65.1108,546,8.2634e+08,8.2527e+08,1.0665e+06,0.1193
65.2301,547,8.2634e+08,8.2527e+08,1.0665e+06,0.1187
65.3484,548,8.2634e+08,8.2527e+08,1.0665e+06,0.1177
65.4677,549,8.2634e+08,8.2527e+08,1.0665e+06,0.1187
65.5856,550,8.2634e+08,8.2527e+08,1.0665e+06,0.1173
65.7031,551,8.2634e+08,8.2527e+08,1.0665e+06,0.1169
65.8211,552,8.2634e+08,8.2527e+08,1.0665e+06,0.1174
65.9405,553,8.2634e+08,8.2527e+08,1.0665e+06,0.1188
66.0653,554,8.2634e+08,8.2527e+08,1.0665e+06,0.1155
66.1851,555,8.2634e+08,8.2527e+08,1.0665e+06,0.1192
66.3035,556,8.2634e+08,8.2527e+08,1.0665e+06,0.1177
66.4219,557,8.2634e+08,8.2527e+08,1.0665e+06,0.1178
66.5409,558,8.2634e+08,8.2527e+08,1.0665e+06,0.1184
66.6575,559,8.2634e+08,8.2527e+08,1.0665e+06,0.1160
66.7752,560,8.2634e+08,8.2527e+08,1.0665e+06,0.1171
66.8944,561,8.2634e+08,8.2527e+08,1.0665e+06,0.1186
67.0137,562,8.2634e+08,8.2527e+08,1.0665e+06,0.1187
67.1325,563,8.2634e+08,8.2527e+08,1.0665e+06,0.1183
67.2512,564,8.2634e+08,8.2527e+08,1.0665e+06,0.1181
67.3680,565,8.2634e+08,8.2527e+08,1.0665e+06,0.1162
67.4858,566,8.2634e+08,8.2527e+08,1.0665e+06,0.1172
67.6047,567,8.2634e+08,8.2527e+08,1.0665e+06,0.1183
67.7242,568,8.2634e+08,8.2527e+08,1.0665e+06,0.1189
67.8441,569,8.2634e+08,8.2527e+08,1.0665e+06,0.1192
67.9628,570,8.2634e+08,8.2527e+08,1.0665e+06,0.1181
68.0816,571,8.2634e+08,8.2527e+08,1.0665e+06,0.1182
68.1995,572,8.2634e+08,8.2527e+08,1.0665e+06,0.1174
68.3181,573,8.2634e+08,8.2527e+08,1.0665e+06,0.1180
68.4364,574,8.2634e+08,8.2527e+08,1.0665e+06,0.1178
68.5554,575,8.2634e+08,8.2527e+08,1.0665e+06,0.1185
68.6746,576,8.2634e+08,8.2527e+08,1.0665e+06,0.1186
68.7940,577,8.2634e+08,8.2527e+08,1.0665e+06,0.1187
68.9138,578,8.2634e+08,8.2527e+08,1.0665e+06,0.1191
69.0311,579,8.2634e+08,8.2527e+08,1.0665e+06,0.1166
69.1494,580,8.2634e+08,8.2527e+08,1.0665e+06,0.1177
69.2678,581,8.2634e+08,8.2527e+08,1.0665e+06,0.1178
69.3874,582,8.2634e+08,8.2527e+08,1.0665e+06,0.1190
69.5067,583,8.2634e+08,8.2527e+08,1.0665e+06,0.1187
69.6252,584,8.2634e+08,8.2527e+08,1.0665e+06,0.1177
69.7442,585,8.2634e+08,8.2527e+08,1.0665e+06,0.1184
69.8617,586,8.2634e+08,8.2527e+08,1.0665e+06,0.1169
69.9787,587,8.2634e+08,8.2527e+08,1.0665e+06,0.1164
70.0976,588,8.2634e+08,8.2527e+08,1.0665e+06,0.1183
70.2173,589,8.2634e+08,8.2527e+08,1.0665e+06,0.1191
70.3365,590,8.2634e+08,8.2527e+08,1.0665e+06,0.1183
70.4553,591,8.2634e+08,8.2527e+08,1.0665e+06,0.1183
70.5746,592,8.2634e+08,8.2527e+08,1.0665e+06,0.1186
70.6917,593,8.2634e+08,8.2527e+08,1.0665e+06,0.1166
70.8119,594,8.2634e+08,8.2527e+08,1.0665e+06,0.1196
70.9299,595,8.2634e+08,8.2527e+08,1.0665e+06,0.1173
71.0503,596,8.2634e+08,8.2527e+08,1.0665e+06,0.1198
71.1697,597,8.2634e+08,8.2527e+08,1.0665e+06,0.1188
71.2894,598,8.2634e+08,8.2527e+08,1.0665e+06,0.1190
71.4081,599,8.2634e+08,8.2527e+08,1.0665e+06,0.1182
71.5276,600,8.2634e+08,8.2527e+08,1.0665e+06,0.1189
71.6659,601,8.2634e+08,8.2527e+08,1.0665e+06,0.1133
71.7840,602,8.2634e+08,8.2527e+08,1.0665e+06,0.1175
71.9022,603,8.2634e+08,8.2527e+08,1.0665e+06,0.1176
72.0220,604,8.2634e+08,8.2527e+08,1.0665e+06,0.1192
72.1412,605,8.2634e+08,8.2527e+08,1.0665e+06,0.1187
72.2615,606,8.2634e+08,8.2527e+08,1.0665e+06,0.1197
72.3810,607,8.2634e+08,8.2527e+08,1.0665e+06,0.1185
72.5015,608,8.2634e+08,8.2527e+08,1.0665e+06,0.1199
72.6201,609,8.2634e+08,8.2527e+08,1.0665e+06,0.1180
72.7377,610,8.2634e+08,8.2527e+08,1.0665e+06,0.1170
72.8557,611,8.2634e+08,8.2527e+08,1.0665e+06,0.1173
72.9745,612,8.2634e+08,8.2527e+08,1.0665e+06,0.1181
73.0937,613,8.2634e+08,8.2527e+08,1.0665e+06,0.1186
73.2128,614,8.2634e+08,8.2527e+08,1.0665e+06,0.1182
73.3311,615,8.2634e+08,8.2527e+08,1.0665e+06,0.1177
73.4500,616,8.2634e+08,8.2527e+08,1.0665e+06,0.1183
73.5677,617,8.2634e+08,8.2527e+08,1.0665e+06,0.1171
73.6860,618,8.2634e+08,8.2527e+08,1.0665e+06,0.1178
73.8051,619,8.2634e+08,8.2527e+08,1.0665e+06,0.1185
73.9244,620,8.2634e+08,8.2527e+08,1.0665e+06,0.1188
74.0431,621,8.2634e+08,8.2527e+08,1.0665e+06,0.1177
74.1615,622,8.2634e+08,8.2527e+08,1.0665e+06,0.1178
74.2790,623,8.2634e+08,8.2527e+08,1.0665e+06,0.1167
74.3968,624,8.2634e+08,8.2527e+08,1.0665e+06,0.1173
74.5154,625,8.2634e+08,8.2527e+08,1.0665e+06,0.1180
74.6349,626,8.2634e+08,8.2527e+08,1.0665e+06,0.1189
74.7546,627,8.2634e+08,8.2527e+08,1.0665e+06,0.1191
74.8733,628,8.2634e+08,8.2527e+08,1.0665e+06,0.1181
74.9917,629,8.2634e+08,8.2527e+08,1.0665e+06,0.1177
75.1082,630,8.2634e+08,8.2527e+08,1.0665e+06,0.1160
75.2263,631,8.2634e+08,8.2527e+08,1.0665e+06,0.1175
75.3454,632,8.2634e+08,8.2527e+08,1.0665e+06,0.1184
75.4651,633,8.2634e+08,8.2527e+08,1.0665e+06,0.1191
75.5843,634,8.2634e+08,8.2527e+08,1.0665e+06,0.1186
75.7039,635,8.2634e+08,8.2527e+08,1.0665e+06,0.1191
75.8226,636,8.2634e+08,8.2527e+08,1.0665e+06,0.1181
75.9401,637,8.2634e+08,8.2527e+08,1.0665e+06,0.1170
76.0612,638,8.2634e+08,8.2527e+08,1.0665e+06,0.1204
76.1790,639,8.2634e+08,8.2527e+08,1.0665e+06,0.1172
76.2977,640,8.2634e+08,8.2527e+08,1.0665e+06,0.1181
76.4168,641,8.2634e+08,8.2527e+08,1.0665e+06,0.1185
76.5359,642,8.2634e+08,8.2527e+08,1.0665e+06,0.1182
76.6555,643,8.2634e+08,8.2527e+08,1.0665e+06,0.1190
76.7733,644,8.2634e+08,8.2527e+08,1.0665e+06,0.1172
76.8910,645,8.2634e+08,8.2527e+08,1.0665e+06,0.1171
77.0094,646,8.2634e+08,8.2527e+08,1.0665e+06,0.1178
77.1287,647,8.2634e+08,8.2527e+08,1.0665e+06,0.1187
77.2481,648,8.2634e+08,8.2527e+08,1.0665e+06,0.1188
77.3659,649,8.2634e+08,8.2527e+08,1.0665e+06,0.1170
77.4847,650,8.2634e+08,8.2527e+08,1.0665e+06,0.1181
77.6020,651,8.2634e+08,8.2527e+08,1.0665e+06,0.1166
77.7211,652,8.2634e+08,8.2527e+08,1.0665e+06,0.1185
77.8397,653,8.2634e+08,8.2527e+08,1.0665e+06,0.1180
77.9587,654,8.2634e+08,8.2527e+08,1.0665e+06,0.1185
78.0789,655,8.2634e+08,8.2527e+08,1.0665e+06,0.1196
78.1971,656,8.2634e+08,8.2527e+08,1.0665e+06,0.1177
78.3166,657,8.2634e+08,8.2527e+08,1.0665e+06,0.1189
78.4352,658,8.2634e+08,8.2527e+08,1.0665e+06,0.1180
78.5523,659,8.2634e+08,8.2527e+08,1.0665e+06,0.1165
78.6705,660,8.2634e+08,8.2527e+08,1.0665e+06,0.1176
78.7892,661,8.2634e+08,8.2527e+08,1.0665e+06,0.1182
78.9086,662,8.2634e+08,8.2527e+08,1.0665e+06,0.1188
79.0275,663,8.2634e+08,8.2527e+08,1.0665e+06,0.1181
79.1468,664,8.2634e+08,8.2527e+08,1.0665e+06,0.1187
79.2653,665,8.2634e+08,8.2527e+08,1.0665e+06,0.1179
79.3830,666,8.2634e+08,8.2527e+08,1.0665e+06,0.1171
79.5016,667,8.2634e+08,8.2527e+08,1.0665e+06,0.1181
79.6204,668,8.2634e+08,8.2527e+08,1.0665e+06,0.1182
79.7398,669,8.2634e+08,8.2527e+08,1.0665e+06,0.1188
79.8586,670,8.2634e+08,8.2527e+08,1.0665e+06,0.1182
79.9774,671,8.2634e+08,8.2527e+08,1.0665e+06,0.1182
80.0957,672,8.2634e+08,8.2527e+08,1.0665e+06,0.1177
80.2122,673,8.2634e+08,8.2527e+08,1.0665e+06,0.1160
80.3303,674,8.2634e+08,8.2527e+08,1.0665e+06,0.1175
80.4512,675,8.2634e+08,8.2527e+08,1.0665e+06,0.1203
80.5699,676,8.2634e+08,8.2527e+08,1.0665e+06,0.1181
80.6884,677,8.2634e+08,8.2527e+08,1.0665e+06,0.1179
80.8079,678,8.2634e+08,8.2527e+08,1.0665e+06,0.1189
80.9262,679,8.2634e+08,8.2527e+08,1.0665e+06,0.1177
81.0436,680,8.2634e+08,8.2527e+08,1.0665e+06,0.1168
81.1618,681,8.2634e+08,8.2527e+08,1.0665e+06,0.1176
81.2797,682,8.2634e+08,8.2527e+08,1.0665e+06,0.1172
81.4020,683,8.2634e+08,8.2527e+08,1.0665e+06,0.1217
81.5212,684,8.2634e+08,8.2527e+08,1.0665e+06,0.1184
81.6400,685,8.2634e+08,8.2527e+08,1.0665e+06,0.1182
81.7590,686,8.2634e+08,8.2527e+08,1.0665e+06,0.1184
81.8773,687,8.2634e+08,8.2527e+08,1.0665e+06,0.1177
81.9954,688,8.2634e+08,8.2527e+08,1.0665e+06,0.1175
82.1139,689,8.2634e+08,8.2527e+08,1.0665e+06,0.1180
82.2326,690,8.2634e+08,8.2527e+08,1.0665e+06,0.1181
82.3520,691,8.2634e+08,8.2527e+08,1.0665e+06,0.1188
82.4717,692,8.2634e+08,8.2527e+08,1.0665e+06,0.1190
82.5912,693,8.2634e+08,8.2527e+08,1.0665e+06,0.1189
82.7101,694,8.2634e+08,8.2527e+08,1.0665e+06,0.1183
82.8271,695,8.2634e+08,8.2527e+08,1.0665e+06,0.1164
82.9459,696,8.2634e+08,8.2527e+08,1.0665e+06,0.1182
83.0665,697,8.2634e+08,8.2527e+08,1.0665e+06,0.1200
83.1857,698,8.2634e+08,8.2527e+08,1.0665e+06,0.1186
83.3053,699,8.2634e+08,8.2527e+08,1.0665e+06,0.1190
83.4241,700,8.2634e+08,8.2527e+08,1.0665e+06,0.1182
83.5556,701,8.2634e+08,8.2527e+08,1.0665e+06,0.1146
83.6744,702,8.2634e+08,8.2527e+08,1.0665e+06,0.1182
83.7925,703,8.2634e+08,8.2527e+08,1.0665e+06,0.1176
83.9116,704,8.2634e+08,8.2527e+08,1.0665e+06,0.1185
84.0309,705,8.2634e+08,8.2527e+08,1.0665e+06,0.1187
84.1486,706,8.2634e+08,8.2527e+08,1.0665e+06,0.1172
84.2656,707,8.2634e+08,8.2527e+08,1.0665e+06,0.1164
84.3849,708,8.2634e+08,8.2527e+08,1.0665e+06,0.1185
84.5160,709,8.2634e+08,8.2527e+08,1.0665e+06,0.1305
84.6347,710,8.2634e+08,8.2527e+08,1.0665e+06,0.1181
84.7518,711,8.2634e+08,8.2527e+08,1.0665e+06,0.1164
84.8694,712,8.2634e+08,8.2527e+08,1.0665e+06,0.1171
84.9886,713,8.2634e+08,8.2527e+08,1.0665e+06,0.1186
85.1079,714,8.2634e+08,8.2527e+08,1.0665e+06,0.1186
85.2263,715,8.2634e+08,8.2527e+08,1.0665e+06,0.1178
85.3460,716,8.2634e+08,8.2527e+08,1.0665e+06,0.1191
85.4678,717,8.2634e+08,8.2527e+08,1.0665e+06,0.1211
85.5866,718,8.2634e+08,8.2527e+08,1.0665e+06,0.1182
85.7034,719,8.2634e+08,8.2527e+08,1.0665e+06,0.1162
85.8207,720,8.2634e+08,8.2527e+08,1.0665e+06,0.1168
85.9388,721,8.2634e+08,8.2527e+08,1.0665e+06,0.1175
86.0569,722,8.2634e+08,8.2527e+08,1.0665e+06,0.1175
86.1764,723,8.2634e+08,8.2527e+08,1.0665e+06,0.1189
86.2948,724,8.2634e+08,8.2527e+08,1.0665e+06,0.1178
86.4129,725,8.2634e+08,8.2527e+08,1.0665e+06,0.1175
86.5327,726,8.2634e+08,8.2527e+08,1.0665e+06,0.1193
86.6509,727,8.2634e+08,8.2527e+08,1.0665e+06,0.1177
86.7696,728,8.2634e+08,8.2527e+08,1.0665e+06,0.1181
86.8884,729,8.2634e+08,8.2527e+08,1.0665e+06,0.1182
87.0068,730,8.2634e+08,8.2527e+08,1.0665e+06,0.1178
87.1245,731,8.2634e+08,8.2527e+08,1.0665e+06,0.1171
87.2425,732,8.2634e+08,8.2527e+08,1.0665e+06,0.1174
87.3619,733,8.2634e+08,8.2527e+08,1.0665e+06,0.1189
87.4819,734,8.2634e+08,8.2527e+08,1.0665e+06,0.1194
87.6010,735,8.2634e+08,8.2527e+08,1.0665e+06,0.1184
87.7197,736,8.2634e+08,8.2527e+08,1.0665e+06,0.1181
87.8383,737,8.2634e+08,8.2527e+08,1.0665e+06,0.1177
87.9572,738,8.2634e+08,8.2527e+08,1.0665e+06,0.1183
88.0746,739,8.2634e+08,8.2527e+08,1.0665e+06,0.1168
88.1918,740,8.2634e+08,8.2527e+08,1.0665e+06,0.1165
88.3111,741,8.2634e+08,8.2527e+08,1.0665e+06,0.1187
88.4298,742,8.2634e+08,8.2527e+08,1.0665e+06,0.1181
88.5489,743,8.2634e+08,8.2527e+08,1.0665e+06,0.1185
88.6682,744,8.2634e+08,8.2527e+08,1.0665e+06,0.1187
88.7960,745,8.2634e+08,8.2527e+08,1.0665e+06,0.1158
88.9164,746,8.2634e+08,8.2527e+08,1.0665e+06,0.1198
89.0354,747,8.2634e+08,8.2527e+08,1.0665e+06,0.1185
89.1541,748,8.2634e+08,8.2527e+08,1.0665e+06,0.1179
89.2733,749,8.2634e+08,8.2527e+08,1.0665e+06,0.1185
89.3911,750,8.2634e+08,8.2527e+08,1.0665e+06,0.1172
89.5090,751,8.2634e+08,8.2527e+08,1.0665e+06,0.1173
89.6271,752,8.2634e+08,8.2527e+08,1.0665e+06,0.1175
89.7466,753,8.2634e+08,8.2527e+08,1.0665e+06,0.1189
89.8651,754,8.2634e+08,8.2527e+08,1.0665e+06,0.1179
89.9843,755,8.2634e+08,8.2527e+08,1.0665e+06,0.1186
90.1028,756,8.2634e+08,8.2527e+08,1.0665e+06,0.1179
90.2202,757,8.2634e+08,8.2527e+08,1.0665e+06,0.1168
90.3388,758,8.2634e+08,8.2527e+08,1.0665e+06,0.1180
90.4569,759,8.2634e+08,8.2527e+08,1.0665e+06,0.1175
90.5766,760,8.2634e+08,8.2527e+08,1.0665e+06,0.1191
90.6953,761,8.2634e+08,8.2527e+08,1.0665e+06,0.1179
90.8144,762,8.2634e+08,8.2527e+08,1.0665e+06,0.1186
90.9316,763,8.2634e+08,8.2527e+08,1.0665e+06,0.1167
91.0505,764,8.2634e+08,8.2527e+08,1.0665e+06,0.1183
91.1696,765,8.2634e+08,8.2527e+08,1.0665e+06,0.1176
91.2883,766,8.2634e+08,8.2527e+08,1.0665e+06,0.1181
91.4073,767,8.2634e+08,8.2527e+08,1.0665e+06,0.1185
91.5296,768,8.2634e+08,8.2527e+08,1.0665e+06,0.1217
91.6483,769,8.2634e+08,8.2527e+08,1.0665e+06,0.1180
91.7681,770,8.2634e+08,8.2527e+08,1.0665e+06,0.1193
91.8876,771,8.2634e+08,8.2527e+08,1.0665e+06,0.1188
92.0061,772,8.2634e+08,8.2527e+08,1.0665e+06,0.1179
92.1236,773,8.2634e+08,8.2527e+08,1.0665e+06,0.1170
92.2427,774,8.2634e+08,8.2527e+08,1.0665e+06,0.1185
92.3612,775,8.2634e+08,8.2527e+08,1.0665e+06,0.1179
92.4808,776,8.2634e+08,8.2527e+08,1.0665e+06,0.1190
92.6001,777,8.2634e+08,8.2527e+08,1.0665e+06,0.1187
92.7194,778,8.2634e+08,8.2527e+08,1.0665e+06,0.1187
92.8384,779,8.2634e+08,8.2527e+08,1.0665e+06,0.1184
92.9560,780,8.2634e+08,8.2527e+08,1.0665e+06,0.1169
93.0740,781,8.2634e+08,8.2527e+08,1.0665e+06,0.1175
93.1925,782,8.2634e+08,8.2527e+08,1.0665e+06,0.1179
93.3113,783,8.2634e+08,8.2527e+08,1.0665e+06,0.1182
93.4294,784,8.2634e+08,8.2527e+08,1.0665e+06,0.1175
93.5485,785,8.2634e+08,8.2527e+08,1.0665e+06,0.1186
93.6661,786,8.2634e+08,8.2527e+08,1.0665e+06,0.1170
93.7840,787,8.2634e+08,8.2527e+08,1.0665e+06,0.1174
93.9034,788,8.2634e+08,8.2527e+08,1.0665e+06,0.1188
94.0231,789,8.2634e+08,8.2527e+08,1.0665e+06,0.1192
94.1422,790,8.2634e+08,8.2527e+08,1.0665e+06,0.1186
94.2613,791,8.2634e+08,8.2527e+08,1.0665e+06,0.1184
94.3797,792,8.2634e+08,8.2527e+08,1.0665e+06,0.1179
94.4977,793,8.2634e+08,8.2527e+08,1.0665e+06,0.1174
94.6150,794,8.2634e+08,8.2527e+08,1.0665e+06,0.1167
94.7348,795,8.2634e+08,8.2527e+08,1.0665e+06,0.1193
94.8541,796,8.2634e+08,8.2527e+08,1.0665e+06,0.1186
94.9735,797,8.2634e+08,8.2527e+08,1.0665e+06,0.1188
95.0935,798,8.2634e+08,8.2527e+08,1.0665e+06,0.1195
95.2125,799,8.2634e+08,8.2527e+08,1.0665e+06,0.1184
95.3316,800,8.2634e+08,8.2527e+08,1.0665e+06,0.1185
95.4694,801,8.2634e+08,8.2527e+08,1.0665e+06,0.1134
95.5874,802,8.2634e+08,8.2527e+08,1.0665e+06,0.1174
95.7052,803,8.2634e+08,8.2527e+08,1.0665e+06,0.1172
95.8236,804,8.2634e+08,8.2527e+08,1.0665e+06,0.1177
95.9422,805,8.2634e+08,8.2527e+08,1.0665e+06,0.1180
96.0616,806,8.2634e+08,8.2527e+08,1.0665e+06,0.1188
96.1900,807,8.2634e+08,8.2527e+08,1.0665e+06,0.1159
96.3120,808,8.2634e+08,8.2527e+08,1.0665e+06,0.1213
96.4308,809,8.2634e+08,8.2527e+08,1.0665e+06,0.1183
96.5510,810,8.2634e+08,8.2527e+08,1.0665e+06,0.1193
96.6723,811,8.2634e+08,8.2527e+08,1.0665e+06,0.1207
96.7915,812,8.2634e+08,8.2527e+08,1.0665e+06,0.1186
96.9106,813,8.2634e+08,8.2527e+08,1.0665e+06,0.1186
97.0272,814,8.2634e+08,8.2527e+08,1.0665e+06,0.1160
97.1453,815,8.2634e+08,8.2527e+08,1.0665e+06,0.1175
97.2638,816,8.2634e+08,8.2527e+08,1.0665e+06,0.1179
97.3835,817,8.2634e+08,8.2527e+08,1.0665e+06,0.1191
97.5045,818,8.2634e+08,8.2527e+08,1.0665e+06,0.1204
97.6240,819,8.2634e+08,8.2527e+08,1.0665e+06,0.1189
97.7438,820,8.2634e+08,8.2527e+08,1.0665e+06,0.1191
97.8627,821,8.2634e+08,8.2527e+08,1.0665e+06,0.1184
97.9795,822,8.2634e+08,8.2527e+08,1.0665e+06,0.1162
98.0971,823,8.2634e+08,8.2527e+08,1.0665e+06,0.1170
98.2158,824,8.2634e+08,8.2527e+08,1.0665e+06,0.1181
98.3360,825,8.2634e+08,8.2527e+08,1.0665e+06,0.1196
98.4542,826,8.2634e+08,8.2527e+08,1.0665e+06,0.1177
98.5737,827,8.2634e+08,8.2527e+08,1.0665e+06,0.1189
98.6930,828,8.2634e+08,8.2527e+08,1.0665e+06,0.1187
98.8102,829,8.2634e+08,8.2527e+08,1.0665e+06,0.1167
98.9292,830,8.2634e+08,8.2527e+08,1.0665e+06,0.1184
99.0476,831,8.2634e+08,8.2527e+08,1.0665e+06,0.1179
99.1669,832,8.2634e+08,8.2527e+08,1.0665e+06,0.1186
99.2856,833,8.2634e+08,8.2527e+08,1.0665e+06,0.1181
99.4053,834,8.2634e+08,8.2527e+08,1.0665e+06,0.1190
99.5247,835,8.2634e+08,8.2527e+08,1.0665e+06,0.1188
99.6436,836,8.2634e+08,8.2527e+08,1.0665e+06,0.1183
99.7616,837,8.2634e+08,8.2527e+08,1.0665e+06,0.1172
99.8800,838,8.2634e+08,8.2527e+08,1.0665e+06,0.1178
99.9985,839,8.2634e+08,8.2527e+08,1.0665e+06,0.1179
100.1181,840,8.2634e+08,8.2527e+08,1.0665e+06,0.1190
100.2368,841,8.2634e+08,8.2527e+08,1.0665e+06,0.1181
100.3545,842,8.2634e+08,8.2527e+08,1.0665e+06,0.1171
100.4718,843,8.2634e+08,8.2527e+08,1.0665e+06,0.1167
100.5907,844,8.2634e+08,8.2527e+08,1.0665e+06,0.1184
100.7098,845,8.2634e+08,8.2527e+08,1.0665e+06,0.1185
100.8294,846,8.2634e+08,8.2527e+08,1.0665e+06,0.1190
100.9488,847,8.2634e+08,8.2527e+08,1.0665e+06,0.1188
101.0674,848,8.2634e+08,8.2527e+08,1.0665e+06,0.1180
101.1870,849,8.2634e+08,8.2527e+08,1.0665e+06,0.1190
101.3051,850,8.2634e+08,8.2527e+08,1.0665e+06,0.1176
101.4222,851,8.2634e+08,8.2527e+08,1.0665e+06,0.1165
101.5411,852,8.2634e+08,8.2527e+08,1.0665e+06,0.1184
101.6654,853,8.2634e+08,8.2527e+08,1.0665e+06,0.1237
101.7837,854,8.2634e+08,8.2527e+08,1.0665e+06,0.1153
101.9036,855,8.2634e+08,8.2527e+08,1.0665e+06,0.1193
102.0241,856,8.2634e+08,8.2527e+08,1.0665e+06,0.1199
102.1439,857,8.2634e+08,8.2527e+08,1.0665e+06,0.1191
102.2632,858,8.2634e+08,8.2527e+08,1.0665e+06,0.1187
102.3825,859,8.2634e+08,8.2527e+08,1.0665e+06,0.1187
102.5006,860,8.2634e+08,8.2527e+08,1.0665e+06,0.1175
102.6179,861,8.2634e+08,8.2527e+08,1.0665e+06,0.1167
102.7365,862,8.2634e+08,8.2527e+08,1.0665e+06,0.1181
102.8555,863,8.2634e+08,8.2527e+08,1.0665e+06,0.1180
102.9749,864,8.2634e+08,8.2527e+08,1.0665e+06,0.1187
103.0943,865,8.2634e+08,8.2527e+08,1.0665e+06,0.1189
103.2141,866,8.2634e+08,8.2527e+08,1.0665e+06,0.1192
103.3342,867,8.2634e+08,8.2527e+08,1.0665e+06,0.1194
103.4529,868,8.2634e+08,8.2527e+08,1.0665e+06,0.1181
103.5704,869,8.2634e+08,8.2527e+08,1.0665e+06,0.1169
103.6886,870,8.2634e+08,8.2527e+08,1.0665e+06,0.1177
103.8074,871,8.2634e+08,8.2527e+08,1.0665e+06,0.1182
103.9267,872,8.2634e+08,8.2527e+08,1.0665e+06,0.1188
104.0461,873,8.2634e+08,8.2527e+08,1.0665e+06,0.1184
104.1663,874,8.2634e+08,8.2527e+08,1.0665e+06,0.1196
104.2854,875,8.2634e+08,8.2527e+08,1.0665e+06,0.1186
104.4036,876,8.2634e+08,8.2527e+08,1.0665e+06,0.1176
104.5226,877,8.2634e+08,8.2527e+08,1.0665e+06,0.1183
104.6417,878,8.2634e+08,8.2527e+08,1.0665e+06,0.1185
104.7608,879,8.2634e+08,8.2527e+08,1.0665e+06,0.1186
104.8798,880,8.2634e+08,8.2527e+08,1.0665e+06,0.1184
105.0000,881,8.2634e+08,8.2527e+08,1.0665e+06,0.1192
105.1195,882,8.2634e+08,8.2527e+08,1.0665e+06,0.1190
105.2387,883,8.2634e+08,8.2527e+08,1.0665e+06,0.1186
105.3573,884,8.2634e+08,8.2527e+08,1.0665e+06,0.1180
105.4756,885,8.2634e+08,8.2527e+08,1.0665e+06,0.1176
105.5931,886,8.2634e+08,8.2527e+08,1.0665e+06,0.1169
105.7123,887,8.2634e+08,8.2527e+08,1.0665e+06,0.1186
105.8320,888,8.2634e+08,8.2527e+08,1.0665e+06,0.1191
105.9515,889,8.2634e+08,8.2527e+08,1.0665e+06,0.1189
106.0714,890,8.2634e+08,8.2527e+08,1.0665e+06,0.1193
106.1939,891,8.2634e+08,8.2527e+08,1.0665e+06,0.1219
106.3141,892,8.2634e+08,8.2527e+08,1.0665e+06,0.1195
106.4343,893,8.2634e+08,8.2527e+08,1.0665e+06,0.1197
106.5523,894,8.2634e+08,8.2527e+08,1.0665e+06,0.1173
106.6695,895,8.2634e+08,8.2527e+08,1.0665e+06,0.1167
106.7880,896,8.2634e+08,8.2527e+08,1.0665e+06,0.1179
106.9074,897,8.2634e+08,8.2527e+08,1.0665e+06,0.1188
107.0263,898,8.2634e+08,8.2527e+08,1.0665e+06,0.1183
107.1462,899,8.2634e+08,8.2527e+08,1.0665e+06,0.1194
107.2654,900,8.2634e+08,8.2527e+08,1.0665e+06,0.1186
107.3999,901,8.2634e+08,8.2527e+08,1.0665e+06,0.1135
107.5194,902,8.2634e+08,8.2527e+08,1.0665e+06,0.1188
107.6383,903,8.2634e+08,8.2527e+08,1.0665e+06,0.1183
107.7578,904,8.2634e+08,8.2527e+08,1.0665e+06,0.1189
107.8773,905,8.2634e+08,8.2527e+08,1.0665e+06,0.1189
107.9960,906,8.2634e+08,8.2527e+08,1.0665e+06,0.1181
108.1154,907,8.2634e+08,8.2527e+08,1.0665e+06,0.1188
108.2357,908,8.2634e+08,8.2527e+08,1.0665e+06,0.1197
108.3534,909,8.2634e+08,8.2527e+08,1.0665e+06,0.1172
108.4712,910,8.2634e+08,8.2527e+08,1.0665e+06,0.1172
108.5901,911,8.2634e+08,8.2527e+08,1.0665e+06,0.1183
108.7087,912,8.2634e+08,8.2527e+08,1.0665e+06,0.1180
108.8277,913,8.2634e+08,8.2527e+08,1.0665e+06,0.1181
108.9470,914,8.2634e+08,8.2527e+08,1.0665e+06,0.1188
109.0664,915,8.2634e+08,8.2527e+08,1.0665e+06,0.1187
109.1840,916,8.2634e+08,8.2527e+08,1.0665e+06,0.1170
109.3037,917,8.2634e+08,8.2527e+08,1.0665e+06,0.1190
109.4223,918,8.2634e+08,8.2527e+08,1.0665e+06,0.1180
109.5408,919,8.2634e+08,8.2527e+08,1.0665e+06,0.1180
109.6608,920,8.2634e+08,8.2527e+08,1.0665e+06,0.1194
109.7807,921,8.2634e+08,8.2527e+08,1.0665e+06,0.1190
109.8995,922,8.2634e+08,8.2527e+08,1.0665e+06,0.1183
110.0182,923,8.2634e+08,8.2527e+08,1.0665e+06,0.1181
110.1366,924,8.2634e+08,8.2527e+08,1.0665e+06,0.1178
110.2553,925,8.2634e+08,8.2527e+08,1.0665e+06,0.1181
110.3741,926,8.2634e+08,8.2527e+08,1.0665e+06,0.1182
110.4936,927,8.2634e+08,8.2527e+08,1.0665e+06,0.1189
110.6129,928,8.2634e+08,8.2527e+08,1.0665e+06,0.1187
110.7315,929,8.2634e+08,8.2527e+08,1.0665e+06,0.1181
110.8507,930,8.2634e+08,8.2527e+08,1.0665e+06,0.1186
110.9682,931,8.2634e+08,8.2527e+08,1.0665e+06,0.1170
111.0862,932,8.2634e+08,8.2527e+08,1.0665e+06,0.1174
111.2078,933,8.2634e+08,8.2527e+08,1.0665e+06,0.1211
111.3265,934,8.2634e+08,8.2527e+08,1.0665e+06,0.1180
111.4453,935,8.2634e+08,8.2527e+08,1.0665e+06,0.1182
111.5637,936,8.2634e+08,8.2527e+08,1.0665e+06,0.1178
111.6830,937,8.2634e+08,8.2527e+08,1.0665e+06,0.1187
111.8030,938,8.2634e+08,8.2527e+08,1.0665e+06,0.1194
111.9209,939,8.2634e+08,8.2527e+08,1.0665e+06,0.1173
112.0393,940,8.2634e+08,8.2527e+08,1.0665e+06,0.1178
112.1590,941,8.2634e+08,8.2527e+08,1.0665e+06,0.1191
112.2789,942,8.2634e+08,8.2527e+08,1.0665e+06,0.1193
112.3977,943,8.2634e+08,8.2527e+08,1.0665e+06,0.1181
112.5175,944,8.2634e+08,8.2527e+08,1.0665e+06,0.1193
112.6370,945,8.2634e+08,8.2527e+08,1.0665e+06,0.1188
112.7570,946,8.2634e+08,8.2527e+08,1.0665e+06,0.1194
112.8758,947,8.2634e+08,8.2527e+08,1.0665e+06,0.1183
112.9937,948,8.2634e+08,8.2527e+08,1.0665e+06,0.1173
113.1128,949,8.2634e+08,8.2527e+08,1.0665e+06,0.1182
113.2331,950,8.2634e+08,8.2527e+08,1.0665e+06,0.1197
113.3527,951,8.2634e+08,8.2527e+08,1.0665e+06,0.1189
113.4718,952,8.2634e+08,8.2527e+08,1.0665e+06,0.1184
113.5908,953,8.2634e+08,8.2527e+08,1.0665e+06,0.1184
113.7104,954,8.2634e+08,8.2527e+08,1.0665e+06,0.1190
113.8310,955,8.2634e+08,8.2527e+08,1.0665e+06,0.1201
113.9505,956,8.2634e+08,8.2527e+08,1.0665e+06,0.1189
114.0680,957,8.2634e+08,8.2527e+08,1.0665e+06,0.1169
114.1860,958,8.2634e+08,8.2527e+08,1.0665e+06,0.1174
114.3050,959,8.2634e+08,8.2527e+08,1.0665e+06,0.1184
114.4242,960,8.2634e+08,8.2527e+08,1.0665e+06,0.1186
114.5438,961,8.2634e+08,8.2527e+08,1.0665e+06,0.1189
114.6629,962,8.2634e+08,8.2527e+08,1.0665e+06,0.1184
114.7821,963,8.2634e+08,8.2527e+08,1.0665e+06,0.1186
114.9003,964,8.2634e+08,8.2527e+08,1.0665e+06,0.1176
115.0181,965,8.2634e+08,8.2527e+08,1.0665e+06,0.1172
115.1375,966,8.2634e+08,8.2527e+08,1.0665e+06,0.1188
115.2564,967,8.2634e+08,8.2527e+08,1.0665e+06,0.1183
115.3757,968,8.2634e+08,8.2527e+08,1.0665e+06,0.1188
115.4945,969,8.2634e+08,8.2527e+08,1.0665e+06,0.1179
115.6137,970,8.2634e+08,8.2527e+08,1.0665e+06,0.1187
115.7323,971,8.2634e+08,8.2527e+08,1.0665e+06,0.1180
115.8533,972,8.2634e+08,8.2527e+08,1.0665e+06,0.1204
115.9706,973,8.2634e+08,8.2527e+08,1.0665e+06,0.1166
116.0890,974,8.2634e+08,8.2527e+08,1.0665e+06,0.1178
116.2078,975,8.2634e+08,8.2527e+08,1.0665e+06,0.1182
116.3281,976,8.2634e+08,8.2527e+08,1.0665e+06,0.1197
116.4476,977,8.2634e+08,8.2527e+08,1.0665e+06,0.1189
116.5664,978,8.2634e+08,8.2527e+08,1.0665e+06,0.1183
116.6853,979,8.2634e+08,8.2527e+08,1.0665e+06,0.1183
116.8027,980,8.2634e+08,8.2527e+08,1.0665e+06,0.1168
116.9211,981,8.2634e+08,8.2527e+08,1.0665e+06,0.1179
117.0404,982,8.2634e+08,8.2527e+08,1.0665e+06,0.1187
117.1605,983,8.2634e+08,8.2527e+08,1.0665e+06,0.1195
117.2804,984,8.2634e+08,8.2527e+08,1.0665e+06,0.1193
117.4062,985,8.2634e+08,8.2527e+08,1.0665e+06,0.1252
117.5251,986,8.2634e+08,8.2527e+08,1.0665e+06,0.1183
117.6451,987,8.2634e+08,8.2527e+08,1.0665e+06,0.1195
117.7647,988,8.2634e+08,8.2527e+08,1.0665e+06,0.1188
117.8845,989,8.2634e+08,8.2527e+08,1.0665e+06,0.1193
118.0043,990,8.2634e+08,8.2527e+08,1.0665e+06,0.1192
118.1217,991,8.2634e+08,8.2527e+08,1.0665e+06,0.1169
118.2400,992,8.2634e+08,8.2527e+08,1.0665e+06,0.1177
118.3591,993,8.2634e+08,8.2527e+08,1.0665e+06,0.1185
118.4783,994,8.2634e+08,8.2527e+08,1.0665e+06,0.1186
118.5982,995,8.2634e+08,8.2527e+08,1.0665e+06,0.1193
118.7172,996,8.2634e+08,8.2527e+08,1.0665e+06,0.1184
118.8363,997,8.2634e+08,8.2527e+08,1.0665e+06,0.1185
118.9558,998,8.2634e+08,8.2527e+08,1.0665e+06,0.1190
119.0734,999,8.2634e+08,8.2527e+08,1.0665e+06,0.1169
